100 100
0001111111111111111110000000000000000000000000000000000011010110010100111100111111111111111111101100
1110011111111111111110000000000000000000000000000000100000111001111111010110111111111111111111000000
0110011111111111111110000000000000000000000000000000011010101100001110000101111111111111111110100001
1101011111111111000000000000000000000000000000000000010111111111111111100001101111111111111111100001
0001111111111111000000000000000000000000000000000000011111111111111110011000011111111111111110000001
0101011111111111000000000000000000000000000000000000000111111111111110100011111111111111111110100001
1010111111111111000000000000000000000000000000000000000111111111111110111101111111111111111110000001
0110011111110011000000000000000000000000000000000000000111111111111101000000111111111111111110100001
1110111111110011000000000000000000000000000000000000011111111111111110000111001111111111111100000000
1001011100000000000000000000000000000000000000000000011111111111111111111001101111111111111100000001
1111011100000000000000000000000000000000000000000000011111111111111111111111111111111111111100000001
0101011100000000000000000000000000000000000000000000111111111111111111111111111111111111111100000001
1001011100000000000000000000000000000000000000000000111111111111111111111111111111111111111100000001
1100111100000000000000000000000000000000000000000000111111111111111111111111001111111111111100000001
0110011100000000000000000000000000000000000000000000111111111111111111111111001111111111111100000000
1110011100000000000000000000000000000000000000000000111111111111111111111111111111111111111100000000
1111011100000000000000000000000000000000000000000000111111111111111111111111111111111111111100000001
1111111100000000000000000000000000000000000000000000111111111111111111111111111111111111111100000001
1110011100000000000000000000000000000000000000000100000000000111111111111111111111111111111100000000
1110111100000000000000000000000000000000000000000111000000000111111111111111111111111111111100000000
1111100000000000000000000000000000000000000000000111000000000111111111111111111111111111111100000000
0111100000000000000000000000000000000000000000000111000000000000000011111111111111111111111100000000
1111000000000000000000000000000000000000000000000001000000000000000011111111111111111111111100000000
1111100000000000000000000000000000000000000000000001000111111111111011111111111111111111111100000000
0111000000000000000000000000000000000000000000000001000111111111111011111111111111111111111100000000
0110000000000000000000000000000000000000000000000001000000000000000011111111111111111111111100000000
1110000000000000000000000000000000000000000000000001000000000000000011111111111111111111111100000000
1111000000000000000000000000000000000000000000000001000000000000000011111111111111111111111100000000
1110000000000000000000000000000000000000000000000001000000000000000011111001111111111111111111111000
0111000000000000000000000000000000000000000000000001000000000000000011111001111111111111111111111000
0110000000000000000000000000000000000000000000000001000000000000000011111001111111111100000000000000
1111000000011110000000000000000000000000000000000001000000000111111111111001111111111100000000010000
0110001111111110000000000000000000000000000000000001000000000000111111111001111111111100000000010000
1011001000000000000000000000000000000000000000000001000000000000111111111001111111111100000000000000
1010001000000000000000000000000000000000000000000001111111000000111111111001111111111100000000000001
0000001000000000000000000000000000000000000000000001111111000000111111111001111111111100000000000001
0000001000000000000000001111110000000000000000000001111111000000110000000000000000000000000000000001
0000000000000000000000000000000000000000000000000001111111000000110000000000000000000000000000000101
0000000000000000000000000000000000000000000000000001111111000000110000000000000000000000000000000101
0000000000000000000000000000000000000000000000000001111111000000110000000000000000000000000000000101
0000000000000000000000000000000000000000000000000001111111000000110000000000000000000000000000000111
0000000000000000000000000000000000000000000000000001111111000000110000000000000000000000000000000111
0000000000000000000000000000000000000000000000000001110111000001111111111111111111111111100110010111
0000000000000000000000000000000000000000000000000001110111000001111111111111111111111111100111110111
0000000000000000000000000000000000000000000000000001110111000001111111111111111111111111100111110111
0000000000000000000000000000000000000000000000000001110111000001111111111111111111111111100110000111
0000000000000000000000000000000000000000000000000001110111000001111111111111111111000000000000000011
0000000000000000000000000000000000000000000000000001110111000001111111111111111111000000000000000011
0000000000000000000000000000001000000000000000000001110111000000000000000000000000000000000000000011
0000000000000000000000000000001000000000000000000001100011000000000000000000000000000000000000000011
0000000000000011111111111111111111111111111111111111111111111000000000000000000000000000000000000011
0000000000000000000000000000001111111111111111111111111111111000000000000000000000000000000000000011
0000000000000000000000000000001111111111111111111111111111111000000000000000000000000000000000000011
0000000000000000000000000000001111111110000000000000000000000000000000000000000000000000000000000011
0000000000000000000000000000001111111110000000000000000000000000000000000000000000000000000000000001
0000000000000000000000000000001111111110000000000000000000000000000000000000000000000000000000000001
0000000000000000000000000000001111111110000000000000000000000000000000000000000000000000000000000001
0000000000001110000000001111111111111110000000000000000000000000000000000000000000000000000000000001
0000000000001110000000001111111111111110000000000000000000000000000000000000000000000000000000000000
0000000000001111111111111111111111111110000000000000000000000000000000000000000000000000000000000000
0000111111111111111111111111111111111110000000000000000000000000000000000000000000000000000000000000
1011111111111111111111111111111111111110000000000000000000000000000000000000000000000000000000000000
1010111111111111111111111111111111111110000000000000000000000000000000000000000000000000000000000001
1111111111111111111111111111111111111110000000000000000000000000000000000000000000000000000000000001
1110111111111111111111111111111111111110000000000000000000000000000000000000000000000000000000000001
0010111111111111111111111111111111111110000000000000000000000000000000000000000000000000000000000001
0000111111111111111111111111111111111110000000000000000000000000000011111111111100000000000000000001
0100111111111111111111111111111111111110000000000000000000000000111111111111111100000000000000000011
0000111111111111111111111111111111111110000000000000000000000000111111111111111100000000000000000011
1100111111111111111111111111111111111111111111111111111111111111111111111111111100000000000000000011
0110111111111111111111111111111111111111111111111111111111111111111111111111111100000000000000000011
1100111111111111111111111111111111111111111111111111111111111111111111111111111100000000000000000011
1000111111111111111111111111111111111111111111111111111111111111111111111111111100000000000000000011
1100111111111111111111111111111111111100000000000000000111111111111111111111111100000000000000000011
1001111111111111111111111111100011111100000000000000000111111111111111111111111100000000000000000011
1111111111111111111111111111100011111100000000000000000111111111111111111111111100000000000000000011
1001111111111111111111111111100011111100000000000000000111111111111111111111111100000000000000000011
0011111111111111111111111111100011111100000000000000000111111111111111111111111100000000000000000011
1011111111111111111111111111100011111100000000000000000111111111111111111111111100000000000000000011
1011111111111111000000000000000000000000000000000000000111111111111111111111111100000000000000000011
0111111111111111000000000000000000000000000000000000000111111111111111111111111100000000000000000011
0011111111111111000000000000000000000000000000000000000000011111111111111111111100000000000000000011
1111111111111111000000000000000000000000000000000000000000011111111111110000000000000000000000000011
0111111111111111000000000000000000000000000000000000000000011111111111110000000000000000000000000011
0111111110000000000000000000000000000000000000000000000000011111111111110000000000000000000000000011
1011111110000000000000000000000000000000000000000000000000011111111111110000000000000000000000000011
0111111111111111000000000000000000000000000000000000000011111111111111110000000000000000000000000011
1111111111111111000000000000000000000000000000000000000011111111111111110000000000000011111111000000
0111111111111111000000000000000000000000000000000000000111111111111111110000000000000011111111000000
0011111111111111111110001111100000000000000000000000000111111111111111110000000000000011110000000000
1111111111111111111110001111100000000000000000000000000111111111111111111111111111111111110000000000
0011111111111111111110001111100000000000000000000000000111111111111111111111111111111111110000000000
1011111111111111111110001111100000000000000000000000000000000000000000000000000111111111110000000000
0111111111111000000000000000000000000000000000000000000000000000000000000000000111111111110000000000
1111111111111000000000000000000000000000000000000000000000000000000000000000000111111111110000000000
1111111111111000000000000000000000000000000000000000000000000000111111111111111111111110000000000000
1111111111100000000000000000000000000000000000000000000000000000000001110000000000000000000000000010
1111111111100000000000001111111111111100000000000000000000000000000001110000000000000000000000000010
0011111111100000000001111111111111111100000000000000000111111111111111110000000000000000000000000010
1111111111100000000001111111111111111100000000000000000000000111111111111111111111111110100101111011
